#talking_island_town
0	point{-83990 243336 -3700;-83964 242680 -3700;-84512 242679 -3700;-84623 243193 -3700;-83742 242214 -3700;-83537 242537 -3700;-83700 242896 -3700;-83646 243397 -3700;-83808 243637 -3700;-84903 243489 -3700;-84852 243174 -3700;-84892 242479 -3700;-84756 242155 -3700;-83761 243620 -3700}	chao_point{-79411 240677 -3450;-80480 242640 -3690;-80336 244656 -3680;-82464 247248 -3570;-89522 241696 -3530;-87056 237952 -3580;-89536 240336 -3560;-88208 241360 -3560;-85328 238080 -3660;-89760 237408 -3660;-92976 240560 -3380;-94448 240944 -3300;-93552 245296 -3530;-91584 238480 -3650;-88720 238976 -3650;-91760 243664 -3440;-81680 249696 -3630;-83808 251264 -3630;-83328 238304 -3700;-91296 236272 -3690}
#elf_town
1	point{45487 49767 -2950;45080 49614 -2950;45284 49309 -2950;45576 49412 -2950;45896 49831 -2950;45463 50097 -2950;44935 49798 -2950;44798 49475 -2950;45100 49025 -2950;45912 49363 -2950;45788 49861 -2950;45325 50067 -2950}	chao_point{40720 56064 -3580;39760 55040 -3410;43152 55920 -3620;44192 56960 -3580;39328 56256 -3580;40448 57744 -3600;38080 52048 -3500;38784 51824 -3470;37088 51248 -3400;37952 49680 -3480;38848 47072 -3580;36688 49856 -3440;36096 46544 -3680;37200 45232 -3600;50128 55472 -3410;51856 54432 -3320;53136 54592 -3420;51824 58624 -3400;51232 59216 -3320;49808 56240 -3430}
#darkelf_town
2	point{11632 16812 -4500;11217 16837 -4500;11498 16979 -4500;11404 16699 -4500;12501 16768 -4500;12104 17385 -4500;11603 17770 -4500;12519 16376 -4500;10355 17270 -4500;10146 16965 -4500;10691 16343 -4500;11193 15963 -4500}	chao_point{3040 24240 -3700;1184 21856 -3240;3760 25136 -3700;672 20096 -3350;1248 14512 -3180;-8176 23120 -3450;-10208 25408 -3560;-11456 23936 -3700;-9632 22624 -3650;-5776 22080 -3510;2224 11936 -3050;1744 8640 -3250;2784 7872 -3110;3216 10128 -2980;3584 6976 -3020;-10768 21952 -3600;-11360 22688 -3600;-12784 23232 -3630;-13632 21872 -3620;-11984 21232 -3600}
#orc_town
3	point{-44316 -113136 -80;-44296 -114048 -80;-44704 -112896 -80;-44720 -114304 -80;-44206 -113392 -80;-43970 -114150 -80;-44328 -114625 -80;-44884 -115063 -80;-44923 -114659 -80;-44232 -113701 -80;-44596 -112956 -80;-44987 -112394 -80;-45498 -111800 -80;-44637 -112373 -80;-44189 -113065 -80;-44048 -113463 -80}	chao_point{-43552 -121488 -233;-42560 -121344 -188;-41536 -122960 -308;-40464 -122752 -364;-45568 -107296 -516;-46512 -106032 -700;-44304 -105888 -1156;-43728 -106688 -1304;-40000 -109200 -1736;-39792 -110832 -1860;-39136 -112688 -1844;-37888 -112608 -1772}
#dwarf_town
4	point{116176 -182448 -1400;116476 -182904 -1500;115248 -178816 -850;116352 -179264 -1000;115271 -178561 -820;115249 -177859 -820;115485 -178077 -820;115790 -179146 -890;116507 -179597 -1000;116725 -180147 -1000;116738 -181494 -1300;116775 -182367 -1400;116587 -183032 -1400;116321 -182734 -1400}	chao_point{118160 -179328 -1578;119024 -180208 -2180;119728 -180912 -2649;119776 -181968 -2948;119392 -183968 -3125;119520 -184928 -3196;119568 -186016 -3220;119984 -187312 -3260;119632 -188352 -3260;119264 -188736 -3203;118656 -187760 -2828}
#gludio_castle_town
5	point{-14288 122752 -3000;-14592 123232 -3000;-14704 122032 -3000;-13904 123456 -3000;-15314 124131 -3000;-15564 123896 -3000;-14279 124446 -3000;-14465 124434 -3000;-13709 123563 -3000;-13513 123752 -3000;-14683 121945 -3000;-14491 121915 -3000}	chao_point{-17280 125392 -3120;-16128 126944 -3120;-14464 128288 -3250;-13040 128768 -3350;-15600 127904 -3150;-16128 128592 -3230;-15632 129456 -3400;-16960 127696 -3200;-17632 126320 -3150;-18704 124960 -3100;-17760 121888 -3140;-17472 122752 -3100;-18720 124080 -3130;-19008 122432 -3200;-20048 122432 -3280;-19008 126160 -3250;-18480 127184 -3300;-19664 125440 -3180;-20176 124512 -3350;-19040 121632 -3200}
#gludin_town
6	point{-83520 150560 -3000;-82464 150848 -3000;-84064 150864 -3000;-83408 151376 -3000;-82195 150489 -3000;-81787 150780 -3000;-81721 151202 -3000;-82241 151163 -3000;-82575 151025 -3000;-82909 150357 -3000;-83584 150512 -3000;-83529 151205 -3000;-82035 152647 -3000;-80053 154348 -3000}	chao_point{-81616 157104 -3150;-80688 157216 -3150;-79568 156960 -3150;-78800 157744 -3150;-80448 157968 -3130;-81712 159536 -3230;-79744 160592 -3330;-79584 159408 -3180;-74016 150656 -2800;-72720 149632 -2780;-75904 162000 -3300;-75488 161472 -3250;-74688 160736 -3200;-74352 161488 -3250;-76656 160768 -3280;-77472 160960 -3470;-77776 158752 -3270;-80448 161488 -3420;-75440 162672 -3350;-81760 161248 -3200}
#dion_castle_town
7	point{19025 145245 -3107;18576 145136 -3104;18717 145711 -3097;18512 145536 -3100;18954 144428 -3000;19150 143941 -3020;19134 144847 -3020;19613 145607 -3020;18078 145925 -3020;17398 145456 -3000;17144 145055 -3000;19012 145140 -3020}	chao_point{17555 170393 -3400;17699 170153 -3400;17315 170041 -3400;17283 170329 -3400;17536 170505 -3400;17299 170341 -3400;17085 170170 -3400;17421 169993 -3400;17820 170054 -3400;18054 170263 -3400;17931 170381 -3400}
#giran_castle_town
8	point{82480 149087 -3350;81440 149119 -3350;81376 148095 -3350;82496 148095 -3350;83473 149223 -3300;83426 148835 -3300;83409 148578 -3300;83415 148235 -3300;82272 147801 -3350;81562 147782 -3350;81062 148144 -3350;81033 148883 -3350;81637 149427 -3350;82292 149450 -3350}	chao_point{74450 144238 -3730;74209 142395 -3730;77279 145045 -3630;74809 146119 -3600;75006 143520 -3700;81347 140579 -3520;79543 142050 -3500;86223 140993 -3400;78692 154573 -3450;77870 156209 -3430;79832 154009 -3500;75501 147178 -3530}
#oren_castle_town
9	point{80304 56241 -1500;80594 55837 -1500;79933 55752 -1500;80267 55497 -1500;80334 54400 -1500;82445 56012 -1480;82323 55466 -1480;82880 55390 -1480;82638 53885 -1440;82552 53447 -1440;82213 53964 -1440;80054 53209 -1500;79706 52986 -1500;82123 53535 -1440}	chao_point{76576 50151 -3200;77310 50317 -3160;77250 51285 -3160;78811 51106 -3160;75755 51372 -3250;75613 52504 -3200;74459 52441 -3260;74467 53354 -3200;73600 53918 -3170;71102 57875 -3330;70052 59300 -3580;70420 57480 -3480;75474 60125 -2730;74880 60818 -2820;88011 56589 -3560;91239 53120 -3430;81785 46306 -3160;80708 44609 -3120;70139 55885 -3550;80236 45675 -3150}
#aden_town
10	point{146494 30584 -2420;146038 30519 -2420;148112 30439 -2420;148565 30463 -2420;150227 29104 -2420;144626 29145 -2420;144635 26664 -2220;144526 24661 -2100;144559 22835 -2100;145686 21114 -2100;148946 21121 -2070;148010 27996 -2256;147970 27040 -2191;146814 27108 -2189;146819 28063 -2252}	chao_point{136398 28901 -3582;137292 28485 -3290;155925 28554 -3164;157608 23866 -3760;157463 28770 -3371;159348 28561 -3400;160236 14119 -3892;156764 13774 -3960;161426 23055 -3670;136380 21899 -3647;137708 15640 -3800;136629 28127 -3258}
#hunter_town
11	point{116127 76015 -2729;115683 77610 -2650;117304 76318 -2670;119862 76603 -2220;117671 78998 -2210;117189 78952 -2210;115861 75200 -2550;118275 74859 -2557;118229 74677 -2450;115685 75072 -2550;116704 75695 -2680;116737 76738 -2650;115193 77594 -2670;116158 77443 -2660}	chao_point{122098 70373 -2864;118674 71218 -2743;118040 67175 -2905;119300 70660 -2850;118851 70566 -2800;112655 70976 -3122;119712 66376 -2960;107511 82890 -2515;105702 82773 -2803;104257 82194 -2581;104474 81109 -2651}
#giran_habor
12	point{46763 187041 -3451;46471 186666 -3451;47290 186842 -3451;47038 186506 -3451;47684 186682 -3451;47450 186347 -3451;48715 185873 -3451;48363 185518 -3451;48757 185124 -3451;49034 185512 -3451;49033 184647 -3451;49372 185076 -3451}	chao_point{46763 187041 -3451;46471 186666 -3451;47290 186842 -3451;47038 186506 -3451;47684 186682 -3451;47450 186347 -3451;48715 185873 -3451;48363 185518 -3451;48757 185124 -3451;49034 185512 -3451;49033 184647 -3451;49372 185076 -3451}
#heiness_town
13	point{107568 218256 -3624;107920 218240 -3624;107808 217856 -3624;108032 218048 -3624;107552 218000 -3624;110912 219584 -3624;110768 219824 -3624;110688 220576 -3624;110896 220768 -3624;111856 220752 -3624;112112 220576 -3624;112064 219792 -3624;111888 219584 -3624}	chao_point{117872 225536 -3200;118064 225648 -3200;101696 221808 -3520;101552 221568 -3520;100784 218272 -3420;100928 218560 -3420}
#rune_town
14	point{38096 -46976 899;38608 -47168 899;38752 -47792 899;38848 -48640 899;38272 -49008 899;38112 -49792 899;43408 -51120 -800;43536 -50416 -800;44368 -50592 -800;44000 -49952 -800;45072 -49936 -800;45824 -49056 -800;45632 -47968 -800;44864 -47824 -800;43744 -47920 -800;43792 -48928 -800}	chao_point{42640 -54496 -2310;38304 -55440 -1136;40192 -57600 -2343;38400 -56832 -992;35632 -54800 -1744;37152 -56272 -272;43936 -56480 -3627;39440 -60080 -2870;41376 -55376 -1488;41920 -57760 -2392;42496 -58192 -3264;40784 -59888 -2600}
#godard_town
15	point{148560 -55904 -2779;150704 -55744 -2979;150400 -56752 -2979;149872 -57424 -2979;149088 -56256 -2779;147664 -56464 -2779;147680 -56928 -2779;146832 -55904 -2779;146368 -56256 -2779;149120 -58064 -2979;148288 -58304 -2979;147680 -58208 -2979;147232 -58480 -2979;146272 -58176 -2979;145696 -57696 -2979;145264 -57680 -2979;145392 -56960 -2979;144752 -56752 -2979;144960 -56224 -2979;144944 -55392 -2979;144496 -55088 -2979}	chao_point{142656 -55008 -3024;142832 -55680 -3462;143152 -56368 -3456;145344 -59472 -3344;145872 -59744 -3328;150304 -59800 -3504;152080 -56576 -3415;142880 -56992 -3418;144544 -58976 -3440;146688 -60048 -3447;146000 -60704 -3450;145248 -60064 -3440;144368 -59616 -3512;143536 -57456 -3424;150576 -59024 -3488;149680 -59600 -3440;149360 -60576 -3520}
#colosseum
23	point{147420 46378 -3350;147696 46416 -3350;147248 47048 -3350;147449 47051 -3350;147680 47040 -3350;147232 46352 -3350;147696 46928 -3350;147456 46928 -3350;147232 46928 -3350;147232 46464 -3350;147424 46464 -3350;147696 46512 -3350;151294 46378 -3350;151535 46353 -3350;151712 46368 -3350;151753 46500 -3405;151760 46928 -3350;151760 47104 -3350;151536 46960 -3350;151536 47104 -3350;151264 47136 -3350;151264 47008 -3350;151536 46482 -3350;151296 46480 -3350}	chao_point{147420 46378 -3350;147696 46416 -3350;147248 47048 -3350;147449 47051 -3350;147680 47040 -3350;147232 46352 -3350;147696 46928 -3350;147456 46928 -3350;147232 46928 -3350;147232 46464 -3350;147424 46464 -3350;147696 46512 -3350;151294 46378 -3350;151535 46353 -3350;151712 46368 -3350;151753 46500 -3405;151760 46928 -3350;151760 47104 -3350;151536 46960 -3350;151536 47104 -3350;151264 47136 -3350;151264 47008 -3350;151536 46482 -3350;151296 46480 -3350}
#floran_town
36	point{19025 145245 -3107;18576 145136 -3104;18717 145711 -3097;18512 145536 -3100;18954 144428 -3000;19150 143941 -3020;19134 144847 -3020;19613 145607 -3020;18078 145925 -3020;17398 145456 -3000;17144 145055 -3000;19012 145140 -3020}	chao_point{17555 170393 -3451;17699 170153 -3451;17315 170041 -3451;17283 170329 -3451;17536 170505 -3451;17299 170341 -3451;17085 170170 -3451;17421 169993 -3451;17820 170054 -3451;18054 170263 -3451;17931 170381 -3451}



#DMZ bbs 7
#?	point{-14288 122752 -3000;-14592 123232 -3000;-14704 122032 -3000;-13904 123456 -3000;-15314 124131 -3000;-15564 123896 -3000;-14279 124446 -3000;-14465 124434 -3000;-13709 123563 -3000;-13513 123752 -3000;-14683 121945 -3000;-14491 121915 -3000;-17280 125392 -3120;-16128 126944 -3120;-14464 128288 -3250;-13040 128768 -3350;-15600 127904 -3150;-16128 128592 -3230;-15632 129456 -3400;-16960 127696 -3200;-17632 126320 -3150;-18704 124960 -3100;-17760 121888 -3140;-17472 122752 -3100;-18720 124080 -3130;-19008 122432 -3200;-20048 122432 -3280;-19008 126160 -3250;-18480 127184 -3300;-19664 125440 -3180;-20176 124512 -3350;-19040 121632 -3200}














